Second!100!30!100!1.0
First!60!50!100!10.0
Third!30!100!100!1.0
_____________________________________________________
Second.160.160.1
First.100.100.1
Third.160.200.1
_____________________________________________________
test
Second.160.160.1
test2;Second.160.160.1;Third!30!100!100!1.0;0;0;0,30,100,0,0,0,0,true,100,1.0/0,30,100,0,45,0,30,true,100,1.0/0,30,100,0,90,0,60,true,100,1.0/0,30,100,0,135,0,90,true,100,1.0/0,30,100,0,180,0,120,true,100,1.0/0,100,30,150,0,100,0,false,100,1.0/0,100,30,195,0,130,0,false,100,1.0
2;Second.160.160.1;Second!100!30!100!1.0;0;0;0,100,30,0,0,0,0,true,100,1.0/0,100,30,45,0,30,0,true,100,1.0/0,30,100,90,0,60,0,false,100,1.0/0,30,100,90,45,60,30,false,100,1.0/0,30,100,90,90,60,60,false,100,1.0/0,30,100,90,135,60,90,false,100,1.0/0,30,100,90,180,60,120,false,100,1.0
--------
test3
Second.160.160.1
3;Second.160.160.1;Third!30!100!100!1.0;0;0;0,30,100,0,0,0,0,true,100,1.0/0,30,100,0,45,0,30,true,100,1.0/0,30,100,0,90,0,60,true,100,1.0/0,30,100,0,135,0,90,true,100,1.0/0,30,100,0,180,0,120,true,100,1.0/0,100,30,150,0,100,0,false,100,1.0/0,100,30,195,0,130,0,false,100,1.0
2;Third.160.200.1;Second!100!30!100!1.0;0;0;0,30,100,0,0,100,0,false,100,1.0/0,30,100,0,45,100,30,false,100,1.0/0,30,100,0,90,100,60,false,100,1.0/0,30,100,0,135,100,90,false,100,1.0/0,30,100,0,180,100,120,false,100,1.0/0,30,100,150,0,100,0,false,100,1.0/0,30,100,150,45,100,30,false,100,1.0/0,30,100,150,90,100,60,false,100,1.0/0,30,100,150,135,100,90,false,100,1.0/0,30,100,150,180,100,120,false,100,1.0
_____________________________________________________
;179.998,685.003,-237.994,75.264,180.0,-104.736;499.999,685.011,-237.993,53.876,179.999,-126.124;179.0,505.004,-237.995,70.469,179.999,-109.531
_____________________________________________________
12;-193.289,477.46,-107.977,112.041,179.997,-82.959
2;-370.83,573.043,-107.977,155.491,179.996,-94.509